9129251915
7728731469
9127543996
9128845612
9123300242
9127488162
9126541487
8035364368
8039375725
9126544523
9126843292
9125866342
8437845052
9128763262
9122651617
8036323214
9128983868
8032591238
8437268327
9125649282
9127727496
9123561594
9128652869
9128762264
8035330793
9124894787
9129272474
9123677497
9124373368
9123542395
9123695989
9126544297
8438442331
9125374446
9129273634
8037930702
8437843926
9128265111
8032590080
9122013685
9129279282
9124440086
9128263741
8032597520
9127541960
9128977414
9122368165
7578720477
9126382323
9124440259
9128779177
8036327151
9125374706
9125500905
9129201832
9128326002
9123694021
8035399827
8035364286
9128269020
5733363745
8037477036
9127865038
9127644973
9124455453
8035363845
4787632240
9125989162
9128763803
8438694370
8435471126
8437845752
9127486145
9128767443
9127272994
9126915732
9126854674
9127283824
9128776748
8035349394
9123563813
9127273410
9123674031
8039282160
9126818725
9128393989
9125980034
9122284278
9126855551
8562244941
9127547929
9122610876
9123684429
9123281521
9125374131
9129641521
9127649943
9125374085
9123690761
9127726918
9125624264
9128580093
9122346050
9124892562
9124507802
9126472148
9127482882
9042774952
9125988008
9128393246
9127546776
8037477086
8432082238
9127865516
9127542340
9122952124
8437268015
8036253647
9125862120
9125980411
9127645418
9124482501
4782374857
9126347578
8035390936
9122640255
9123556096
3167334542
9128977482
8036252129
9126297909
9127646353
9128261434
9127723864
9123024154
9123325161
8035361779
8035369933
8035399418
9126346514
8035365833
2769401812
9126936231
9124327178
8035844920
9123676447
9124377754
9126542229
9125985215
9128659794
9122645242
9129617818
9125266518
9122955122
9122892390
8437266115
9122253765
9126353129
8036253337
9126813605
9126542763
9282371819
9124891273
9124634019
9122383928
9128637099
9127272690
9127481568
9126544870
8032458120
9128262205
8032450765
9123688017
9123696386
8035340923
9127727130
9129271076
9122003727
9128988780
9127727243
9122955855
9123444834
9129617265
9127486317
9123672873
7065542378
9126544312
9123495229
8039375176
9125989347
9126340990
9123554146
9125875686
9128975062
9128989060
9129642023
9123490870
7344801489
7065658518
9128585455
7074739585
9129666308
8039432945
9124629125
9123307326
9127724034
9127723456
9125747259
9123683929
8039376028
8437173152
9123510320
9127869477
8438442432
9129211309
9129211415
9125452983
9127546697
7195914460
9128523248
9123679600
9126359749
9127546860
9124440084
9123558366
9127726559
9126543266
9123290332
9126843002
9127484513
8437173701
8035365511
9129662725
8039376184
9126533682
9128324234
9124270928
9129279903
9128974185
9127486681
8039430442
9122955595
8437266357
9122758684
8039435167
9125372330
9122679037
9124501377
9129649445
9123684614
9128972053
9127273414
9127272450
9122328921
9127566443
9123508812
9127868463
9128659104
8035310703
8036250428
8035417002
9128260987
9122610285
8035360435
9124891803
9128582516
8437846777
9128988144
9127283333
9126912857
9126842796
9128575182
9126542801
9129276143
8032595810
9128393334
9126854234
8032634090
9127562467
9125866730
8035362497
9125987738
8035392313
9127728958
9128636070
9124375130
8039283807
9122619961
9123685402
9127565152
9127566226
9122336609
9124503722
9124440646
9128573822
8033283742
8036250899
9128323627
9126544459
9125306186
9129274853
9126549618
7854935258
8036322904
8035365206
9125879412
9129647965
9126853842
9122380282
8032592933
9127390532
9124501248
9126544198
9125457615
8035313456
9122809026
9123672352
9129255017
9124277101
9122336111
8035354587
9123327506
9128773256
9124277578
9128399069
8037477241
9128425850
9123300204
8032665235
9124279836
9128294582
9123690206
9124501816
9124070060
9125307072
9127288287
9125378272
9124495716
9125889028
9126346797
9127274450
9127644068
9126388384
9543440790
9129259253
9122955719
9128987520
9129209914
8032592439
8032593538
9123696360
8437268856
9127482625
9128842380
2292029407
8437172662
7705052453
9126347567
9127562528
9127727207
8035366044
9128233673
8035366872
9123675482
8437264196
9123683572
2562381638
9127272582
9127287072
9129256741
8039434834
9125541719
8036250154
6034665256
9122659235
9128654195
9123694440
9122611105
9127729202
9128266050
9124455887
9124504515
8035331034
9126352852
9127560207
9122757045
9124628885
9127649420
9127565292
8437265549
9123696062
9122652083
9124450944
2533537376
9122671166
8437265966
5028680424
9128989620
9123695659
9124277016
8046080090
9128981355
9129254187
9123543370
9124279315
9128633206
2562595745
9044610671
9122620941
9128976636
9126549695
9128764747
8035310938
9129202948
4235925845
4122642194
8032595919
9126541251
9125988073
9125657302
9123327298
9128573103
9126540165
7065924607
9128393884
9128575492
9127288787
9129200095
9124070593
9123529410
9129642894
8032455154
8035390741
9122349910
9129256293
9127562648
8035330848
4787632428
9127488405
8039434596
8032686004
9125881045
9126813173
6784329132
9128573233
9123697010
9127283161
9125875067
8438442832
9122952599
2036620259
5625298685
8032634613
9126380332
9126472759
9128574582
9127642382
9127489844
9123677548
9123694038
8032592403
9123677126
9127645328
9127724156
9127726374
9127274468
9123676591
9129277508
9128234225
9126852361
2533588062
9129883009
8035369257
8503313470
8504332187
8504533193
8504663479
8504762708
8505430704
8505546531
8506712030
8507235390
8507662256
8507692690
8509686008
8555278228
8562992210
8563128084
8562280152
8562286118
8562359055
8563272347
8563526048
8564233333
8564286256
8564289559
8564351188
8564351555
8564613553
8564822700
8565459058
8565891777
8565990812
8566255506
8566625448
8567018798
8567421523
8567643474
8567959005
8568756410
8569661652
8585136590
8586799001
8586930373
8592217604
8592614920
8592918697
8594558838
8598158697
8602299069
8602320608
8602768174
8602957486
8604454411
8605289854
8605296157
8605700885
8606140041
8606171413
8606277811
8606460610
8607387534
8607996193
8608066019
8608240527
8608287800
8608709850
8622295022
8638757065
8632687694
8633048152
8633573200
8633822455
8634018221
8634940600
8636440197
8644790336
8646438129
8642353488
8642358320
8642607277
8642951209
8645745273
8645854491
8649406464
8649420654
8649846491
8654291528
8656751975
8658515121
8658828708
8665879255
8665903991
8704355048
8709338363
8773870341
8774066354
8777728510
8884038556
8882679615
8884291707
8886420093
9012132682
9013839720
9014897198
9016362392
9016829402
9024238870
9022933082
9025303169
9026983673
9028837385
9032977814
9034548647
9034554935
9035093000
9035275381
9043431496
9043819401
9045794478
9047327092
9047712776
9048809500
9049920333
9054706200
9052377529
9053051479
9053547536
9054301313
9054719634
9055011425
9055475541
9055664758
9056289156
9057386556
9058078351
9058367893
9059101210
9062284098
9062287680
9062960462
9065638200
9067741001
9068641862
9068699437
9072777778
9082413333
9082727660
9082836663
9083378050
9084136590
9084317869
9084393559
9084647070
9086541315
9086858892
9087666900
9089049164
9089071000
9093364671
9093909595
9095858830
9099080272
9099205000
9099826507
9104363700
9102515797
9103534473
9103986200
9104833003
9104852337
9105286265
9107544477
9108153410
9108643155
9122321511
9122653100
9123684321
9125650132
9126447461
9126773880
9127488888
9128826945
9133838581
9134417838
9136673777
9133813111
9133833500
9136497979
9136821786
9137498458
9139624263
9146683022
9147349616
9147374070
9147791676
9148350680
9149377351
9149394321
9149492635
9155912213
9162568242
9163392818
9163158199
9164003578
9164553747
9167322220
9167794263
9167841722
9169175440
9169846266
9173012959
9176363866
9177021733
9177764754
9178360985
9178478962
9182740433
9182809573
9182984800
9183072000
9184923559
9186490221
9187450007
9192861317
9193461045
9193876615
9193888611
9194532869
9194576382
9194894628
9195700677
9196124921
9197312707
9197721211
9198344497
9198517885
9198811010
9204982025
9202547024
9204261840
9204587246
9204904839
9204909996
9204994263
9205632446
9206686857
9206823364
9206831400
9207309220
9208683439
9208966231
9209225999
9209236950
9256853802
9257985133
9256710143
9284245433
9282314523
9283334321
9285377186
9286673738
9288546100
9292455436
9318797444
9313125608
9313388955
9313942704
9315280319
9315408172
9316320359
9317883373
9362425544
9362714818
9372362455
9372375574
9372991121
9373201428
9373201679
9373221113
9373828551
9373942012
9374366161
9374367305
9375835124
9376432520
9382760658
9404355596
9405857161
9408555020
9413559797
9413630840
9414731122
9417535100
9418836931
9419239303
9419613375
9493107983
9512164767
9514856828
9516997492
9524731253
9528884262
9528908700
9529388163
9545991653
9542955534
9543700708
9545642440
9545809008
9545942363
9547215720
9549332899
9549634671
9567222845
9566213457
9566310863
9567261110
9702263900
9702428761
9703624282
9706205668
9706412366
9713526981
9727711233
9722191363
9722421485
9723120700
9723808900
9724248493
9724588501
9724715400
9727230171
9733250998
9735795781
9732272245
9732277012
9732441203
9732560005
9732630562
9732631299
9733610042
9733783839
9733989600
9734274244
9734488800
9734920544
9735793966
9735841188
9735842884
9736276416
9736676737
9736896442
9737421998
9737625650
9737728184
9737844220
9737944001
9738131016
9738180006
9738352077
9738353443
9738358555
9738506640
9738572337
9738579788
9738620151
9738720400
9738820035
9739927767
9782577458
9783689009
9784437533
9784438886
9785827735
9785972600
9786830885
9786836327
9786856873
9786973442
9789486668
9796937200
9805213643
9855490725
9856432598
9856494171
9856626365
9857899558
9894391093
9893668794
9894267300
9896355524
9897202137
9897900080
9897934753
